"cM" "Th" "B" "NK" "ncM" "Tc" "cDC" "pDC"
"1" 19.2307692307692 33.9587242026266 1.68855534709193 3.65853658536585 2.78298936835522 31.6760475297061 1.21951219512195 0.218886804252658
"2" 29.2926239419589 14.1172914147521 2.69044740024184 0.574365175332527 7.34582829504232 40.8101571946796 1.63240628778718 0.30229746070133
"3" 14.9443561208267 41.0174880763116 9.51623892800363 12.446059504883 2.79354985237338 15.6938451056098 1.15830115830116 0.0908471496706791
"4" 34.1009988901221 7.01997780244173 10.8213096559378 7.46392896781354 5.29966703662597 32.3529411764706 0.693673695893452 0.249722530521643
"5" 34.3860779890429 15.8556235900741 13.5030615533355 5.22075410892684 3.54495649371576 17.950370609088 1.90138575572027 0.386722526587174
"6" 27.1863580998782 14.4945188794153 15.3714981729598 5.11571254567601 3.89768574908648 27.3812423873325 2.16808769792935 0.341047503045067
"7" 23.8882088943288 18.8290493676051 12.0971032231742 11.6075071399429 7.89473684210526 20.5222358221134 1.65238678090575 0.530395756833945
"8" 33.5542168674699 20.3313253012048 12.4698795180723 1.68674698795181 3.76506024096386 22.710843373494 2.68072289156627 0.271084337349398
"9" 36.0454115421003 8.39640491958373 6.24408703878903 11.0690633869442 6.00756859035005 29.2809839167455 1.44276253547777 0.165562913907285
"10" 11.5727002967359 47.9475766567755 16.8150346191889 6.00890207715134 0.692383778437191 13.7240356083086 1.03857566765579 0.346191889218595
"11" 30.3280379616257 23.7466474107695 12.2962657313802 5.81803177223025 8.02558283474314 14.5450794305756 1.54734887559315 0.247575820094904
"12" 34.7248072321191 14.065408136134 3.16405211379952 16.4583887264026 6.91305503855358 16.7508641318798 2.97793140122308 0.265886732252061
"13" 26.7066180302241 13.8613861386139 12.9755080771235 13.4445023449713 5.99270453361126 15.1380927566441 0.677436164669099 0.703491401771756
"14" 12.2851686823679 16.995544239338 43.4967112242733 6.64120517716953 3.6494801612561 14.0462550392531 0.678973053256949 0.212179079142797
"15" 18.9305816135084 38.2739212007505 3.30206378986867 2.66416510318949 1.70731707317073 31.031894934334 0.938086303939963 0.26266416510319
"16" 20.9949409780776 36.4881956155143 10.0337268128162 3.73102866779089 3.66779089376054 21.1635750421585 1.26475548060708 0.252951096121417
"17" 33.4497637148141 28.2720361619067 4.43805218820629 7.06800904047668 4.0476679679474 12.9648654201767 2.65050339017875 0.308198068625437
"18" 21.0419026047565 37.2593431483579 1.13250283125708 4.66591166477916 4.46206115515289 26.3873159682899 1.69875424688562 0.226500566251416
"19" 24.1894197952218 30.311433447099 1.40784982935154 9.36433447098976 5.22610921501706 24.5733788395904 0.87457337883959 0.149317406143345
"20" 19.1283863368669 4.52296819787986 23.7455830388693 3.08598351001178 4.47585394581861 29.1637220259128 1.4605418138987 0.400471142520612
"21" 23.6422521175884 15.3961136023916 9.56651718983558 18.3358246138515 8.17140009965122 22.0478325859492 0.847035376183358 0.0747384155455904
"22" 34.2687950566426 15.7826982492276 12.3069001029866 7.72399588053553 4.63439752832132 20.3656024716787 2.13697219361483 0.257466529351184
"23" 30.6878306878307 14.9206349206349 2.78659611992945 20.4585537918871 4.26807760141094 23.7389770723104 1.41093474426808 0.423280423280423
"24" 27.0375521557719 11.4881780250348 12.461752433936 6.17524339360223 10.4033379694019 27.6773296244784 0.723226703755216 0.166898470097357
"25" 25.0375262683879 21.8853197238067 14.8003602521765 20.5944160912639 5.3737616331432 7.08495947163014 2.01140798558991 0.150105073551486
"26" 21.9187062937063 21.0445804195804 7.47377622377622 7.86713286713287 3.78059440559441 33.6756993006993 1.3548951048951 0.0655594405594406
"27" 43.9944134078212 12.0111731843575 4.07023144453312 5.82601755786113 6.98324022346369 19.8523543495611 3.61133280127694 0.339185953711093
"28" 43.3419689119171 5.46632124352332 4.68911917098446 11.8911917098446 3.03108808290155 22.7720207253886 4.09326424870466 0.284974093264249
"29" 29.9217338952438 9.39193257074052 33.9353802929962 1.7860726469998 0.78266104756171 19.6467991169978 1.94661850290989 0.0602046959662854
"30" 31.2765425930552 21.2590557082188 16.8873344991257 9.04321758680989 7.11966025480889 10.1423932050962 1.27404446665001 0.0749437921558831
"31" 48.7369226843583 17.9637662669048 0.025516713447308 11.0487369226844 6.0729778004593 12.4011227353917 0.484817555498852 0.229650421025772
"32" 30.4618689581096 23.1793770139635 9.88184747583244 3.63050483351235 5.62835660580021 22.1267454350161 1.09559613319012 0.515574650912997
"33" 32.9243353783231 15.8827539195637 4.99886389456942 8.88434446716655 11.4973869575097 14.7012042717564 2.68120881617814 0.590774823903658
"34" 25.8773104741495 12.054647736405 31.368872220734 2.78596303241361 6.26841682293062 15.9121350120546 1.82159121350121 0.669702652022502
"35" 17.9679458903103 27.2606969563299 13.542126157918 6.61667401852669 4.1758564916924 26.231436553448 1.42626084399353 0.308778120864579
"36" 30.7692307692308 10.0860677783755 13.6094674556213 9.76331360946746 5.70199031737493 25.4975793437332 1.21032813340506 0.215169445938677
"37" 36.6194013054243 13.8870132793158 7.53995048390727 8.84537474679271 2.52081926626153 22.3722709880711 3.3310826018456 0.135043889264011
"38" 21.9433719433719 10.03861003861 30.4590304590305 9.15915915915916 4.63320463320463 17.953667953668 1.05105105105105 0.107250107250107
"39" 25.0257466529351 12.4356333676622 20.8032955715757 2.90937178166838 6.35942327497425 27.1112255406797 1.28733264675592 0.411946446961895
"40" 25.7478140819144 23.4008283479061 14.3120110446387 9.36493327197423 10.860561435803 11.0676484123332 1.97883110906581 0.575241601472618
"41" 22.5757575757576 31.4069264069264 10.7359307359307 8.07359307359307 3.57142857142857 16.9047619047619 2.79220779220779 0.367965367965368
"42" 20.2583114087539 22.8414254962928 11.719684286056 9.63884238220521 3.03755082516144 27.027027027027 1.81774695049031 0.52618990672088
"43" 39.1508511054588 3.65877519076502 11.5437292115046 1.9956955585991 18.4308354529446 17.2373312463314 1.66307963216592 0.273918998239092
"44" 18.8537935525887 11.4946271572778 26.5060240963855 6.54509931618365 7.19635297948551 25.4314555519375 0.781504395962227 0.521002930641485
"45" 59.7418192734914 13.4193935755029 3.66256379465626 0.630441308916241 7.14500150105073 10.7175022515761 1.0507355148604 0.390273191233864
"46" 36.2159579550884 22.1213569039656 5.47061634018156 8.55231724796942 5.70950788342093 12.9479216435738 3.7505972288581 1.43334925943622
"47" 34.0832395950506 20.8998875140607 3.53205849268841 7.46906636670416 12.103487064117 11.3610798650169 1.34983127109111 0.337457817772778
"48" 21.6986794717887 6.30252100840336 2.4609843937575 1.41056422569028 1.95078031212485 63.7755102040816 0.600240096038415 0.0600240096038415
"49" 17.272386661671 33.645560134882 13.8628699887598 8.35518920944174 2.58523791682278 19.4454852004496 1.94829524166354 0.487073810415886
"50" 22.004132231405 16.8646694214876 24.845041322314 9.81404958677686 4.33884297520661 18.3884297520661 0.929752066115702 0.387396694214876
"51" 19.7133585722012 24.6619794483505 13.1151974040022 13.3585722011898 13.7641968631693 10.8166576527853 0.811249323958897 0.621957815035154
"52" 19.678334910123 33.2781456953642 2.41248817407758 1.75023651844844 2.1286660359508 35.7852412488174 1.93945127719962 0.118259224219489
"53" 30.3964757709251 20.3964757709251 8.14977973568282 7.42290748898678 8.19383259911894 20.2202643171806 1.16740088105727 0.52863436123348
"54" 13.2035928143713 34.3413173652695 14.0119760479042 5.77844311377245 6.10778443113772 22.6946107784431 1.58682634730539 0.269461077844311
"55" 22.5014842667722 25.4502275875717 7.26301207203641 4.6902830001979 5.14545814367702 20.4037205620424 1.54363744310311 0.336433801701959
"56" 12.8643972164755 20.3686289260861 31.9353018619522 7.72992288884709 12.2061312770359 11.2281361670115 1.01561030656385 0.169268384427309
"57" 18.3277431720173 27.6233828461907 22.6161954959272 9.99041686631529 3.64159080019166 13.847628174413 1.36559655007187 0.191662673694298
"58" 20.173781639592 13.3358519078202 19.0215338118625 4.00453343407631 5.34567434831885 35.0396675481677 0.604457876841708 0.151114469210427
"59" 25.7239382239382 25.9169884169884 11.4864864864865 2.7992277992278 1.54440154440154 26.8822393822394 0.868725868725869 0.193050193050193
"60" 22.8997020854022 19.2850049652433 14.9155908639523 11.6981132075472 4.48857994041708 21.7676266137041 1.98609731876862 0.516385302879841
"61" 38.7145367813206 14.4614612101431 0.97916143610344 5.17198091890535 5.54858147125282 29.7514436354507 2.33492342455436 0.301280441877981
"62" 40.8506994005138 11.3616899800171 18.9837282329432 3.76819868683985 1.99828718241507 18.7838995147017 0.713673993719669 0.142734798743934
"63" 21.6473386856973 24.323520666072 29.5569432054713 5.50104073743681 4.8171275646744 8.11775200713648 1.42729705619982 0.624442462087422
"64" 14.2411891632702 23.1359386238312 7.69599616398945 7.64804603212659 9.27835051546392 33.9966434907696 1.31862862622872 0.0959002637257252
"65" 15.4309667277967 24.7314645009169 18.6271941315169 5.68509300497773 1.51951794603091 28.2682735132303 2.30547550432277 0.15719151165837
"66" 19.7154471544715 23.1707317073171 9.45121951219512 11.449864498645 9.28184281842818 23.1029810298103 1.0840108401084 0.982384823848238
"67" 16.5836446658364 11.1664591116646 25.3839767538398 4.35865504358655 5.9983395599834 27.9784142797841 0.66417600664176 0.311332503113325
"68" 26.792364990689 23.9990689013035 15.9450651769088 7.77467411545624 4.25977653631285 10.4981378026071 1.86219739292365 0.488826815642458
"69" 32.0864864864865 7.32972972972973 18.1837837837838 4.17297297297297 18.5081081081081 12.0216216216216 1.42702702702703 0.540540540540541
"70" 54.0363975734951 8.88940737284181 3.61642557162856 8.53943070461969 5.48296780214652 12.6924871675222 1.42323845076995 0.303313112459169
"71" 50.8916323731139 12.5743026977595 2.83493369913123 1.16598079561043 7.22450845907636 16.0036579789666 1.05166895290352 0.365797896662094
"72" 16.6892196662156 20.7487595850248 11.637347767253 7.46504285069914 2.23274695534506 32.4537663509247 0.81190798376184 0.49616599007668
"73" 21.1032272831312 14.1222247653925 10.2082856488899 10.2998397802701 4.32593270771344 31.1055161364157 1.05287251087205 0.29755092698558
"74" 55.1456717669252 13.0161391741773 2.28463634458185 3.1649549360721 4.40159295745127 13.0161391741773 1.34143785369943 0.607839027457556
"75" 39.720209842618 20.5845615788159 10.9667749188109 1.49887584311766 3.62228328753435 18.6360229827629 1.49887584311766 0.324756432675493
"76" 32.5521942905837 28.3766510438858 7.64806135492118 8.01022582019599 6.007669365147 8.24456753302088 0.852151682999574 0.553898593949723
"77" 25.0554323725055 20.8148558758315 13.830376940133 8.86917960088692 5.5709534368071 20.0110864745011 2.10643015521064 0.665188470066519
"78" 24.2983751846381 24.6184145741014 16.494337764648 13.4416543574594 6.69620876415559 9.45347119645495 1.84638109305761 0.615460364352536
"79" 24.5290581162325 24.4689378757515 17.5150300601202 11.7034068136273 4.78957915831663 12.565130260521 1.1623246492986 0.701402805611222
"80" 36.8846053659807 19.9791612399062 12.5032560562647 6.79864548059391 4.32404271945819 12.8418859077885 3.72492836676218 0.599114352696015
"81" 23.4048404840484 29.9504950495049 9.40594059405941 11.2761276127613 5.8030803080308 9.98349834983498 2.00770077007701 0.77007700770077
"82" 47.6741383465895 2.09689081706435 11.352133044107 7.25476018317667 4.00096408773198 22.2463244155218 0.578452639190166 0.313328512894673
"83" 14.8909985935302 22.1518987341772 20.3410689170183 3.70956399437412 1.79324894514768 33.7376933895921 0.966947960618847 0.281293952180028
"84" 33.4583497828662 29.8657718120805 1.91472562179234 0.809317015396763 2.13185945519147 26.9640742202921 1.67785234899329 0.631662060797473
"85" 15.8269116775341 28.3540802213001 1.73878680102746 9.14838964631496 3.3195020746888 38.2533096226042 0.750839754989133 0.0592768227622999
"86" 22.6239921817738 10.6523332518935 24.4319569997557 12.5091619838749 14.6836061568532 11.8494991448815 1.17273393598827 0.195455655998045
"87" 22.2814814814815 12.8888888888889 5.80740740740741 9.03703703703704 7.17037037037037 40.5925925925926 0.651851851851852 0.148148148148148
"88" 50.87903437418 12.0703227499344 0.629755969561795 6.00892154290213 17.2920493308843 9.70873786407767 0.60351613749672 0.446077145106271
"89" 17.2568498638039 16.3755808364044 10.0304438391283 7.01810607274475 4.7748758211825 37.3497836885115 1.13763819900657 0.464669123537895
"90" 30.8035714285714 19.593253968254 11.7063492063492 7.26686507936508 3.29861111111111 21.8998015873016 1.33928571428571 0.322420634920635
"91" 33.9266155531216 24.2059145673604 0.0547645125958379 18.8389923329682 6.10624315443593 11.3362541073384 2.08105147864184 0.684556407447974
"92" 19.9793174767322 31.0444674250259 12.7817993795243 9.51396070320579 7.65253360910031 8.45915201654602 2.58531540847983 0.289555325749741
"93" 22.7860696517413 11.8407960199005 18.1757877280265 15.0746268656716 4.69320066334992 22.8192371475954 2.23880597014925 0.563847429519071
"94" 18.0295841473625 23.0812168573821 27.574658107731 5.21909014792074 8.90315378174714 13.7594194808819 1.06056377337427 0.1674574379012
"95" 17.0566367811065 23.9886289088126 15.044828340258 2.99584517821999 6.8882571616007 29.9584517821999 0.69975945768642 0.284277279685108
"96" 12.4398073836276 33.1995719636169 5.91225254146602 13.6704119850187 4.36062065275548 27.2338148742643 0.856072766185126 0.214018191546281
"97" 33.7366216845044 14.8441135411819 9.86505351326198 9.65565379246161 6.18892508143322 17.7757096323872 0.628199162401117 0.186133085155886
"98" 21.2082589854703 26.9436655620698 11.1394341065511 6.50012745347948 3.13535559520775 27.1985725210298 1.65689523323987 0.203925567167984
"99" 18.5752134236091 19.693847512511 13.5119222843686 13.5707977627318 8.03650279658522 16.8383868118928 2.53164556962025 0.264939652634678
"100" 27.8905926232905 13.5723166183174 1.71985080812267 12.3497720679652 5.98839618731869 35.8474927476171 0.78740157480315 0.103605470368835
"101" 11.1611933891393 23.781927452243 8.47821420905774 2.48980467911569 6.31036703155184 43.5930457179652 0.965872504829363 0.08585533376261
"102" 22.4476581048996 19.6417008417872 12.756313403842 10.1661990071228 9.30282754154975 20.8072523203108 1.057630045327 0.280595726311245
"103" 14.2564627591502 46.9669823393908 10.1868441259278 2.25236754543128 0.793447658049654 21.3718965958536 1.07499360122856 0.383926286153059
"104" 20.3819755296926 22.2023276633841 5.25216353327365 1.19367353028947 6.89346463742166 36.4965681886004 1.96956132497762 0.566994926887496
"105" 18.022274721566 10.0404994937563 22.8315896051299 2.93621329733378 5.14681066486669 33.5977050286871 0.674991562605467 0.30374620317246
"106" 15.9964253798034 19.5710455764075 29.4906166219839 2.18945487042002 3.03842716711349 27.5245755138517 0.670241286863271 0.0446827524575514
"107" 31.2266666666667 17.3866666666667 5.14666666666667 6.08 7.04 27.9466666666667 2.82666666666667 0.32
"108" 18.5003767897513 11.4544084400904 35.8703843255463 5.08666164280332 3.56066314996232 21.1002260738508 0.470987189148455 0.301431801055011
"109" 27.1322620519159 15.1112484548826 9.98145859085291 4.85166872682324 8.4672435105068 30.6860321384425 1.23609394313968 0.15451174289246
"110" 5.37229029217719 26.1828463713478 14.7219604147031 15.7021677662582 2.3751178133836 32.2902921771913 0.395852968897267 0.150801131008483
"111" 29.8335183129856 17.6026637069922 7.94672586015538 3.35183129855716 4.10654827968923 32.4306326304107 1.44284128745838 0.621531631520533
"112" 16.7281672816728 21.3284132841328 23.0258302583026 2.85362853628536 2.48462484624846 29.5940959409594 0.910209102091021 0.27060270602706
"113" 27.0750199521149 16.999201915403 4.13008778930567 7.34237829209896 10.4349561053472 20.8699122106943 2.8731045490822 0.279329608938547
"114" 26.8900581556356 13.1265577402382 8.64026585433398 8.55718637496538 9.02797009138743 29.3547493769039 0.941567432844088 0.249238438105788
"115" 29.8605630097343 9.49750065772165 29.5974743488556 7.89265982636148 6.5772165219679 12.3914759273875 1.18389897395422 0.263088660878716
"116" 40.1046364784413 17.6438751578568 2.36334115100126 1.96644416381021 8.10030669312647 24.2287569907992 0.649467797221721 0.180407721450478
"117" 13.3638511518015 24.2764323685765 13.0980507974011 9.80507974010632 4.09037212049616 30.8180744240992 0.841701122268163 0.295333727111636
"118" 20.2057310800882 13.1765858437423 14.9155033063924 12.8092089150135 6.61278471711976 24.0019593436199 0.734753857457752 0.416360519226059
"119" 19.1996766370251 35.3274050121261 13.4599838318513 6.06305578011318 2.1018593371059 18.6337914308812 1.61681487469685 1.05092966855295
"120" 12.5918503674015 31.1957247828991 15.5978623914496 13.4268537074148 2.60521042084168 21.1088844355377 1.00200400801603 0.734802939211757
"121" 11.5001509206158 36.0096589194084 12.34530636885 9.5381829157863 2.0223362511319 23.9661937820706 0.965891940839119 0.814971325083006
"122" 20.9696609161214 32.8078524687686 13.7120761451517 4.13444378346222 5.41344437834622 19.9881023200476 1.07079119571684 0.65437239738251
"123" 15.111301369863 39.2551369863014 12.2859589041096 3.63869863013699 3.29623287671233 22.2174657534247 1.41267123287671 0.513698630136986
"124" 13.4695004140215 41.3745514766768 12.3930444383108 5.46508418437759 2.31852056306928 18.8517802925752 2.23571625724538 1.35247032845708
"125" 9.43334425155585 51.4248280379954 8.22142155257124 3.99606943989519 2.16180805764821 18.40812315755 1.6049787094661 1.01539469374386
"126" 13.3182844243792 32.6346339890358 12.8990648178007 10.0290228958401 5.4498548855208 21.7026765559497 1.22541115769107 1.22541115769107
"127" 11.4761092150171 38.1825938566553 10.8788395904437 9.30034129692833 4.26621160409556 21.3310580204778 1.57849829351536 0.68259385665529
"128" 2.54350736278447 32.6639892904953 27.93395805444 15.1717983043284 4.01606425702811 14.0562248995984 1.91878625613565 0.847835787594824
"129" 3.2325338894682 34.0980187695516 23.3576642335766 19.3952033368092 1.77267987486966 14.2857142857143 1.45985401459854 0.208550573514077
"130" 11.4117647058824 30.4411764705882 16.8529411764706 10.6764705882353 3.02941176470588 23.5294117647059 2.14705882352941 0.264705882352941
"131" 11.2910381543922 36.5128660159716 12.5332741792369 7.96362023070098 1.97426796805679 24.4232475598935 1.70807453416149 0.46583850931677
"132" 11.4477211796247 38.686327077748 7.88203753351206 7.42627345844504 3.10991957104558 20.455764075067 2.76139410187668 0.991957104557641
"133" 12.2846928826779 25.2843678908027 10.0422489437764 15.4696132596685 4.32239194020149 27.8843028924277 1.46246343841404 1.59246018849529
"134" 14.0401146131805 25.9789875835721 9.07354345749761 18.0515759312321 2.67430754536772 25.4059216809933 1.33715377268386 0.764087870105062
"135" 11.1273080660836 31.8756073858115 11.9290573372206 17.930029154519 3.52283770651118 20.2137998056365 1.1418853255588 0.65597667638484
"136" 8.99310344827586 35.3379310344828 10.8137931034483 10.5103448275862 2.89655172413793 26.7034482758621 1.24137931034483 0.662068965517241
"137" 21.8741258741259 28.8671328671329 8.41958041958042 7.07692307692308 3.21678321678322 25.7622377622378 1.53846153846154 1.14685314685315
"138" 17.1052631578947 36.6695427092321 7.83002588438309 4.37877480586713 5.04745470232959 24.8274374460742 1.68248490077653 1.01380500431406
"139" 17.7299308878256 40.9888357256778 8.39978734715577 5.95427963849016 3.45560871876661 19.9096225412015 1.19617224880383 0.531632110579479
"140" 18.3344233703946 21.0159145410944 18.0946152169174 5.12317418792239 2.6378896882494 31.1968606932636 0.959232613908873 0.632221495530848
"141" 12.8717582679039 36.830835117773 7.44706162265049 7.66119438496312 2.45063050202236 28.6224125624554 1.47513680704259 0.713775874375446
"142" 9.56498243717914 30.6403674682518 23.2639827073764 13.1045663334234 3.21534720345852 17.6168603080249 0.837611456363145 0.4863550391786
"143" 15.0119904076739 28.8968824940048 17.4580335731415 9.06474820143885 1.39088729016787 24.7482014388489 1.05515587529976 0.863309352517986
"144" 12.8863279203772 34.3373493975904 12.4672603457307 7.1765322158198 2.01676270298586 27.2655840754322 0.838135149292824 1.15243583027763
"145" 20.6983328090595 25.6055363321799 14.1868512110727 6.16546083674111 4.87574709027996 22.6486316451714 2.39068889587921 0.754954388172381
"146" 24.2603550295858 31.8280909374027 9.34288383681096 7.22516350046714 3.67486764247898 19.5266272189349 1.37028962939894 0.342572407349735
"147" 19.4444444444444 25.7326007326007 21.1538461538462 10.9279609279609 3.54090354090354 14.7130647130647 0.976800976800977 1.67887667887668
"148" 11.402810925484 31.7687616016972 23.4950941394855 6.36435958631663 3.07610713338637 20.9758684699019 1.1402810925484 0.503845133916733
"149" 22.0374707259953 25.6908665105386 10.6088992974239 3.20843091334895 3.91100702576112 30.327868852459 1.24121779859485 0.866510538641686
"150" 16.6120494076128 22.2082177968238 12.4527350642803 9.47819510965465 3.98285858331233 30.0731031005798 2.1930930173935 1.51247794303
"151" 29.3621507643648 22.2456510279389 14.2329994728519 8.32894043226147 5.1396942540854 16.0516605166052 1.26515550869794 1.73958882445967
"152" 14.4675566594225 28.1900031046259 16.1130083824899 6.14715926730829 2.14219186588016 29.0282520956225 1.70754424091897 0.620925178515989
"153" 15.7154905819511 25.2178802361541 13.5507450098398 12.6792240652235 2.10851841439415 26.9890357042452 1.12454315434355 0.899634523474838
"154" 27.059896625114 21.830343569474 7.23624201885072 19.4892064457282 3.77014290057768 17.5129218607479 1.55062328975372 0.395256916996047
"155" 16.6454568592517 32.9345889539323 6.21023161109697 7.73733774497328 7.50827182489183 23.8483074573683 1.42529905828455 1.42529905828455
"156" 21.1103938024532 27.3724983860555 10.9102646868948 10.3938024531956 2.96965784377017 23.369916074887 1.3557133634603 0.451904454486766
"157" 19.9312714776632 39.2064979693846 9.80943455170259 7.93502030615433 4.77975632614808 13.3708216182443 1.31208997188379 1.31208997188379
"158" 20.1282508015675 39.2946205913787 7.83754898468115 4.70252939080869 5.16565728535803 11.9700748129676 1.46063412896331 1.31813323833274
"159" 14.4877201686926 38.6008434631605 10.8657901265195 8.78193996526916 7.69039940461424 15.6040684693624 1.36442570081866 0.992309600595386
"160" 12.1707235745248 45.1150383461154 8.40280093364455 8.66955651883961 5.63521173724575 16.2054018006002 1.20040013337779 0.666888962987663
"161" 15.2996845425867 33.9432176656151 15.8044164037855 6.34069400630915 4.54258675078864 19.9684542586751 1.35646687697161 0.82018927444795
"162" 21.623234533519 25.542072806843 17.8436443206684 5.56992241893774 5.64949273920828 18.8780584841854 2.10861348716929 1.13387706385518
"163" 17.8119658119658 25.4700854700855 12.8205128205128 6.15384615384615 5.98290598290598 27.8290598290598 1.05982905982906 0.444444444444444
"164" 26.4263322884013 20.8777429467085 19.4984326018809 6.33228840125392 1.91222570532915 20.6583072100313 2.10031347962382 0.689655172413793
"165" 14.8611534940494 37.9005187671651 12.0537076594446 4.9740616417455 5.95056454073848 20.4760451632591 0.793408605431797 0.854440036618859
"166" 29.1888691533452 20.0118413262285 17.9100059206631 4.73653049141504 4.55891059798697 17.554766133807 2.01302545885139 1.7465956187093
"167" 19.3610049153468 29.6832332058984 10.2403058438012 15.401419989077 2.12998361551065 17.7771709448389 2.15729109776079 1.25614418350628
"168" 31.832430891992 22.884012539185 9.34739241949273 4.04673696209746 3.10629809062411 23.6249643773155 1.39640923339983 1.45340552864064
"169" 13.6526090064332 34.3102215868478 14.5818441744103 7.79127948534668 3.75268048606147 20.4431736954968 2.00142959256612 1.10793423874196
"170" 16.5170132325142 34.664461247637 8.1758034026465 13.1852551984877 2.33931947069943 20.6994328922495 1.51228733459357 0.756143667296786
"171" 15.5581039755352 34.67125382263 7.11009174311927 13.8761467889908 2.10244648318043 21.177370030581 1.37614678899083 0.917431192660551
"172" 10.9659931000493 37.9250862493839 12.5924100542139 5.02710694923608 6.13602759980286 22.4248398225727 2.61212419911286 0.837851158206013
"173" 13.3669120495932 39.4808213870593 9.80240216970167 5.46299883765982 4.92057342115459 22.5881441301821 1.97597830298334 0.813638124757846
"174" 18.2785060598565 31.4617858026218 11.0314123175859 4.42740539203562 6.92555033391046 24.3136284936928 1.70665347514222 0.420479841701707
"175" 15.5616224648986 37.7535101404056 9.67238689547582 4.25117004680187 5.03120124804992 22.191887675507 1.67706708268331 0.78003120124805
"176" 11.9205298013245 30.8069659063037 13.9318126073093 5.93573706156488 3.13956340446407 29.2862398822664 2.67353446161393 0.784890851116017
"177" 10.9405745769382 36.245572609209 10.9799291617473 4.48642266824085 2.75482093663912 29.7520661157025 2.20385674931129 0.708382526564345
"178" 24.2584745762712 37.208686440678 7.36228813559322 4.42266949152542 3.89300847457627 17.2139830508475 1.95974576271186 0.820974576271187
"179" 16.5327695560254 45.2431289640592 6.553911205074 2.95983086680761 3.76321353065539 18.3086680761099 2.32558139534884 0.972515856236786
"180" 13.5089496791624 46.1668355285377 14.4545761567038 6.21411685241473 3.57987166497805 13.3738601823708 0.540357987166498 0.236406619385343
"181" 9.47390053431977 52.9798602548294 9.57665433621044 4.74722564734895 2.32223592272914 16.4817098232635 0.328812166050144 0.431565967940814
"182" 16.7613636363636 25.5397727272727 24.5454545454545 9.20454545454545 3.49431818181818 16.8465909090909 1.42045454545455 0.795454545454545
"183" 15.0698278661903 31.925949983761 18.642416368951 7.14517700552127 2.9879831113998 18.9347190646314 1.88372848327379 0.974342318934719
"184" 11.4347357065804 35.3290183387271 16.6666666666667 9.22330097087379 2.26537216828479 19.2556634304207 2.42718446601942 0.75512405609493
"185" 9.90213010938399 44.7322970639033 16.1197466896949 7.19631548647093 1.09383995394358 16.9257340241796 1.09383995394358 0.805987334484744
"186" 18.5704514363885 32.4555403556772 13.2694938440492 10.7729138166895 2.18878248974008 18.844049247606 1.2311901504788 1.06019151846785
"187" 17.5353535353535 36.9292929292929 12.9292929292929 8.68686868686869 1.53535353535354 17.979797979798 1.13131313131313 0.727272727272727
